2 0.2372157734375 0.8490618015625 0.19780728593750002 0.9959869390625 0.31090919375000003 0.9974873265624999 0.323288534375 0.8947129953124999 0.2372157734375 0.8490618015625
5 0.6893749703125 0.9900000015625 0.7157452125 1 1 0.8784361687500001 0.9857004671875 0.8601078328125 0.6893749703125 0.9900000015625
2 0.7115488421875 0.9562275734375 0.7588152796875 0.9704809546875 0.7801977484375 0.9464752453124999 0.7756961625 0.9262204796875 0.81902383125 0.9367229734375 0.84321969375 0.9269706453125 0.81902383125 0.9202190375000001 0.8094579281250001 0.9007144374999999 0.7942651515625 0.8939628296875 0.77625889375 0.8774589234375 0.7655677015625 0.8722077046875001 0.7464359828125 0.8729579265625 0.730680475 0.8872112218750001 0.739683646875 0.8677066234374999 0.716050428125 0.8572041578125 0.7099589749999999 0.8565656609375001 0.6890409984375 0.8482020234375 0.6890409984375 0.8992141046875 0.7126742171875 0.9119670984375 0.7115488421875 0.9562275734375
2 0.5365503625 0.9577279046875 0.503133825 0.9785033921874999 0.4982870109375 0.9959869390625 0.5134797890625 0.99448660625 0.5365503625 0.9577279046875
4 0.417821453125 0.6966661921874999 0.42569920625 0.7266732859375 0.47521648125000004 0.728173646875 0.45777290937500004 0.6786619234375 0.417821453125 0.6966661921874999
4 0.45383401093750003 0.6704099859375 0.41449447343749996 0.6905427515625 0.41557070312500005 0.7004170796875 0.457210178125 0.6824128109375 0.45383401093750003 0.6704099859375
4 0.5843795328125 0.694415665625 0.5916945546875 0.7251729265625 0.6293951765625 0.7221722328125 0.6181412546875 0.683913171875 0.5843795328125 0.694415665625
4 0.707145028125 0.6961706453125001 0.7143623234375001 0.7131700999999999 0.7515003 0.7169209859375 0.735744790625 0.684663365625 0.707145028125 0.6961706453125001
4 0.783573959375 0.6929153046875001 0.7942651515625 0.7124199046874999 0.8257761671875 0.7109195734375 0.8133968703125 0.6831630046875 0.783573959375 0.6929153046875001
4 0.8513598437500001 0.69898459375 0.8657275390624999 0.7169209859375 0.8871100078125 0.7101693796874999 0.8769814609375001 0.6824128109375 0.8513598437500001 0.69898459375
4 0.9017401406250001 0.698166553125 0.9090457703125001 0.6961706453125001 0.9174956484375001 0.7101693796874999 0.9439423484375 0.7064184921875001 0.929312215625 0.6816626453125 0.9017401406250001 0.698166553125
4 0.9754320906249999 0.6824128109375 0.9575863671875 0.6849148546875 0.9557377265625 0.7004170796875 0.9647408984375 0.70866901875 0.9849979921875001 0.7056683265625 0.9754320906249999 0.6824128109375
4 0.147187471875 0.6837500015625 0.16458674375 0.7434736109375 0.22707636875 0.7368089 0.20208051875000002 0.6768255484375 0.147187471875 0.6837500015625