2 0.6195112296875 0.4468894609375 0.5534374703125 0.49625000156250004 0.57451871875 0.5651899234375 0.5907659640625 0.6385028234375 0.6907493625 0.5918491484375 0.6195112296875 0.4468894609375
2 0.1945817828125 0.7084833703125 0.2195776328125 0.7168143859375 0.2408240671875 0.7084833703125 0.255821634375 0.6901551609375 0.255821634375 0.6518325 0.26457014375 0.6368367734375 0.2595709546875 0.5901829703125 0.217077990625 0.5868506796874999 0.1883328203125 0.6001801640625 0.161249971875 0.6400000015625 0.1783344421875 0.663495871875 0.18333363125 0.6818241453125 0.1945817828125 0.7084833703125
2 0.14958927187499999 0.8701051515625 0.173335253125 0.8567754765625001 0.1845834046875 0.8384472671875001 0.21082902812499998 0.8051232046875001 0.224576821875 0.781796334375 0.23457510468749998 0.7634681249999999 0.23332533125000002 0.7334764171875 0.22832614218749997 0.7251454015625 0.2195776328125 0.7234792234375 0.211249971875 0.72541666875 0.1820838578125 0.7668004796875 0.167086290625 0.7934597046875 0.15333859375 0.8601078328125 0.14958927187499999 0.8701051515625
5 0.4107958265625 0.7368089 0.9956988453125 0.7668004796875 0.9882000140624999 0.7251454015625 0.12843747187500001 0.6962500015625 0.1208440078125 0.7184805640625 0.24207384062499998 0.7201468671875 0.4107958265625 0.7368089
4 0.0096874703125 0.7775000015625 0 0.791793528125 0.0033634937500000004 0.8251175906249999 0.069602534375 0.8051232046875001 0.0096874703125 0.7775000015625
4 0.12687497187500002 0.8066666687499999 0.088349421875 0.8284500734375 0.1283427421875 0.8467782828124999 0.14583985625 0.8217852359375 0.12687497187500002 0.8066666687499999
4 0.0471874703125 0.5087500015625 0.037107948437499996 0.5335320375 0.07210208125 0.5268672640625 0.0683527609375 0.51020523125 0.0471874703125 0.5087500015625
4 0.0924999703125 0.4920833359375 0.094598384375 0.5218686031249999 0.124593421875 0.5052065703124999 0.12709296875 0.47688116875000003 0.0924999703125 0.4920833359375
4 0.162812471875 0.46916666874999996 0.157088009375 0.49187695781249996 0.1820838578125 0.49021078124999995 0.185833178125 0.4618853140625 0.162812471875 0.46916666874999996
4 0.2745685203125 0.41856405781249995 0.25332199218749996 0.4418908640625 0.258124971875 0.46500000156250004 0.2783178421875 0.4652177328125 0.2858165765625 0.43855844531250004 0.2745685203125 0.41856405781249995
4 0.395624971875 0.3733333359375 0.3895493921875 0.4152316390625 0.43329212968749997 0.40356820468750004 0.43204235625000004 0.37191031875 0.395624971875 0.3733333359375
2 0.44079086562500003 0.6718268875 0.43329212968749997 0.65516485625 0.41329546875 0.63183805 0.3808008828125 0.63183805 0.372187471875 0.67541666875 0.37955101406249997 0.68682286875 0.41829465781249997 0.6784918515625 0.44079086562500003 0.6718268875