2 0.608263078125 0.5535266156249999 0.60576353125 0.5901829703125 0.6132622671875 0.63183805 0.6207610031249999 0.626839453125 0.6607544203125 0.6135097765624999 0.6845004015625 0.5985139859374999 0.688249815625 0.5701886468749999 0.6845004015625 0.5318658609375 0.674502021875 0.4868783625 0.6570050046875 0.4418908640625 0.6407576625 0.4152316390625 0.610762625 0.44355710468750004 0.5862499703124999 0.4670833359375 0.5882664171875 0.485212184375 0.589516190625 0.5118714093750001 0.608263078125 0.5535266156249999
5 0.483283828125 0.7084833703125 0.6695029296875 0.781796334375 0.8982149937499999 0.8467782828124999 0.91696188125 0.8201190578125 0.6682530609375 0.7218130453125 0.17583489531250002 0.5718546984375 0.130842384375 0.5451956 0.13334193125 0.5885167296875 0.30706310625 0.6351704687499999 0.483283828125 0.7084833703125
2 0.447039828125 0.6418352421875 0.48203405625 0.6185084375 0.478284640625 0.5985139859374999 0.4620373953125 0.5701886468749999 0.43329212968749997 0.5751871171875 0.42374997031249995 0.60041666875 0.409546053125 0.6035127109375 0.415795015625 0.6301718078125 0.447039828125 0.6418352421875
2 0.255821634375 0.63183805 0.26956933125 0.643501484375 0.25207221875 0.6701608359375 0.2258265953125 0.7251454015625 0.2258265953125 0.7584694640625 0.26332036875 0.7151482078125 0.2870664453125 0.6818241453125 0.2908157671875 0.6651621125 0.29581495625 0.6468338390625 0.28206725625 0.6201747421875 0.27206887812499997 0.6135097765624999 0.25332199218749996 0.6001801640625 0.2445734828125 0.5735209390625 0.23781247187500001 0.55041666875 0.224576821875 0.56185763125 0.21582821718749998 0.5918491484375 0.22082740625000002 0.6151760171875 0.255821634375 0.63183805
2 0.25832118125000003 0.5968477453125 0.28956599375000003 0.6185084375 0.30831288125 0.6035127109375 0.3283095421875 0.5568589078125 0.32580999374999997 0.508538990625 0.30706310625 0.47854734531250004 0.2683195578125 0.5068728124999999 0.242499971875 0.5483333359375 0.25207221875 0.5501940703125 0.254571765625 0.5718546984375 0.25832118125000003 0.5968477453125
4 0.0987499703125 0.6420833359375 0.0746017234375 0.6601635156250001 0.079600815625 0.7118158515624999 0.14708963125000002 0.6901551609375 0.0987499703125 0.6420833359375
4 0.21457844375000001 0.7351425953125 0.21082902812499998 0.7218130453125 0.18937497187500002 0.7045833359375 0.15208881875 0.7284778828125 0.1783344421875 0.761801946875 0.204580065625 0.7468060921874999 0.21457844375000001 0.7351425953125
4 0.09334861093749999 0.370244140625 0.082100459375 0.38523999531249997 0.1083460828125 0.3902385921875 0.1108456296875 0.37191031875 0.09334861093749999 0.370244140625
4 0.125312471875 0.36291666875 0.125843196875 0.386906171875 0.15208881875 0.373576559375 0.144590084375 0.36524554375 0.125312471875 0.36291666875
4 0.164374971875 0.35041666875 0.162087196875 0.37857515625 0.1820838578125 0.380241334375 0.185833178125 0.356914528125 0.164374971875 0.35041666875
4 0.20499997187500002 0.3400000015625 0.19958097187499999 0.370244140625 0.23457510468749998 0.35858070625 0.23082578437499998 0.34691727031249997 0.20499997187500002 0.3400000015625
4 0.265937471875 0.3275000015625 0.255821634375 0.35858070625 0.2845668046875 0.356914528125 0.28206725625 0.34358491562500004 0.265937471875 0.3275000015625
4 0.340937471875 0.31500000156249996 0.33830791875 0.350249690625 0.3770514671875 0.34858351249999997 0.37330205156249996 0.3085946109375 0.340937471875 0.31500000156249996
4 0.47062497031249995 0.2775000015625 0.4620373953125 0.3302552390625 0.495781753125 0.3185918671875 0.4982813015625 0.2852678046875 0.47062497031249995 0.2775000015625
4 0.6471874703125 0.2275000015625 0.6432572109375 0.2952649984375 0.6894996859375 0.2902664015625 0.6894996859375 0.2369478875 0.6471874703125 0.2275000015625