4 0.0503124703125 0.57541666875 0.044606684375 0.5935153890625 0.073351853125 0.5835181328125 0.0671028921875 0.5685223421875001 0.0503124703125 0.57541666875
4 0.0878124703125 0.56916666875 0.079600815625 0.5918491484375 0.099597571875 0.6001801640625 0.1083460828125 0.5768533578125 0.0878124703125 0.56916666875
4 0.13468747187500002 0.5670833359375 0.125843196875 0.5918491484375 0.15333859375 0.5985139859374999 0.15333859375 0.5768533578125 0.13468747187500002 0.5670833359375
4 0.137812471875 0.56291666875 0.1233435546875 0.5901829703125 0.14708963125000002 0.5968477453125 0.154588365625 0.5818519546875 0.137812471875 0.56291666875
4 0.47062497031249995 0.5420833359375 0.45703820625 0.6101774203125 0.490782565625 0.6118437265625001 0.503280490625 0.5685223421875001 0.47062497031249995 0.5420833359375
4 0.6768749703125 0.53791666875 0.6495061718749999 0.6135097765624999 0.7057468359375 0.6068450015625 0.7157452125 0.5568589078125 0.6768749703125 0.53791666875
4 0.340937471875 0.5608333359375 0.32580999374999997 0.6118437265625001 0.36205399531250004 0.6101774203125 0.372052278125 0.5685223421875001 0.340937471875 0.5608333359375
4 0.184687471875 0.5650000015625001 0.17208547968750001 0.5985139859374999 0.2070797078125 0.6018464046875 0.20333029218749998 0.5718546984375 0.184687471875 0.5650000015625001
4 0.24207384062499998 0.5718546984375 0.23082578437499998 0.5951816953125 0.262070596875 0.6085111796875 0.26457014375 0.5768533578125 0.24207384062499998 0.5718546984375
5 0.40454686406249996 1 0.3358082765625 0.9567476656249999 0.15333859375 0.8534431203124999 0.07843747031250001 0.80041666875 0.0771012703125 0.8251175906249999 0.3545551640625 1 0.40454686406249996 1
2 0.21582821718749998 0.8301162515625 0.2220771796875 0.8484444609375 0.204580065625 0.8684388484375001 0.20208051875000002 0.8851008796875 0.2095792546875 0.8967643781250001 0.23332533125000002 0.8984305546875 0.24957267187499999 0.9084277484375001 0.2670696890625 0.8984305546875 0.255821634375 0.8551092984374999 0.27206887812499997 0.8351147843750001 0.2920655390625 0.808455559375 0.2845668046875 0.7701329625 0.26332036875 0.7784639796875 0.2220771796875 0.7951260109375 0.21457844375000001 0.7967921875 0.187083046875 0.8034570265625 0.18156247187500002 0.8275000015625 0.1883328203125 0.8367810890625 0.198331103125 0.8434457999999999 0.21582821718749998 0.8301162515625
2 0.5782680390625 0.8534431203124999 0.58076768125 0.8784361687500001 0.585766775 0.9250897796875 0.58701664375 0.9950703890625 0.6770017609375001 0.950082828125 0.6407576625 0.7534709312500001 0.5768749703125 0.7962500015625 0.5720190765625001 0.8234514140625 0.5720190765625001 0.8301162515625 0.5782680390625 0.8534431203124999
2 0.3670530890625 0.93175461875 0.37580169375 0.9417518125000001 0.3995477703125 0.9484166500000001 0.44204063906249996 0.940085634375 0.42579339374999997 0.91176023125 0.40204731718750003 0.8717713296875 0.3895493921875 0.8801023453125 0.40079754375 0.9100939265625 0.3833004296875 0.913426409375 0.3683029578125 0.9167587640624999 0.3670530890625 0.93175461875
4 0.0315624703125 0.89416666875 0.0083626828125 0.8984305546875 0 0.9684110374999999 0.09084896875000001 0.96507868125 0.0315624703125 0.89416666875
2 0.192082140625 1 0.21582821718749998 0.9784083578124999 0.223326953125 0.9550814890625 0.23332533125000002 0.9434179890625 0.223749971875 0.92541666875 0.20832948125 0.9534153109375 0.192082140625 0.976742053125 0.17583489531250002 0.9917379078125 0.192082140625 1