5 0.9719526734375 0.9634125046875001 0.22062497187500002 0.86291666875 0.5945153796875 0.93175461875 0.8869667453125001 1 0.9719526734375 0.9634125046875001
5 0.179584215625 0.8451121046875001 0.0159374703125 0.8087500015625 0.0146116453125 0.8234514140625 0.14583985625 0.8484444609375 0.179584215625 0.8451121046875001
2 0.5970149265625 0.56185763125 0.5362499703125 0.6275000015625001 0.57326885 0.8017907203125001 0.6607544203125 0.7301440609375 0.5970149265625 0.56185763125
2 0.187083046875 0.8451121046875001 0.21457844375000001 0.8617741359375 0.23082578437499998 0.8467782828124999 0.24207384062499998 0.8051232046875001 0.25332199218749996 0.7584694640625 0.2595709546875 0.7318102390625 0.22082740625000002 0.7051510140625 0.192082140625 0.7234792234375 0.167086290625 0.7434736109375 0.144590084375 0.7651343015625 0.14583985625 0.8017907203125001 0.14583985625 0.8201190578125 0.16458674375 0.82678376875 0.187083046875 0.8451121046875001
2 0.4082962796875 0.7884611718750001 0.39329880781250004 0.7751314953125 0.34955607187500004 0.7651343015625 0.3470564296875 0.80678938125 0.355805034375 0.8167865750000001 0.3857999765625 0.8351147843750001 0.4112499703125 0.8420833359375001 0.41954443125 0.8467782828124999 0.43454190312499996 0.8201190578125 0.4082962796875 0.7884611718750001
2 0.157088009375 0.9817407140625001 0.15333859375 1 0.18333363125 0.9634125046875001 0.1945817828125 0.9284222640625 0.20832948125 0.91176023125 0.21082902812499998 0.9017629109374999 0.22082740625000002 0.8817685234375 0.2220771796875 0.8717713296875 0.201874971875 0.86291666875 0.187083046875 0.8884333609375 0.17208547968750001 0.9350869734374999 0.16458674375 0.9634125046875001 0.157088009375 0.9817407140625001
4 0.037107948437499996 0.6135097765624999 0.039607495312500005 0.6035127109375 0.03460830625 0.5951816953125 0.0208606078125 0.5885167296875 0.014374970312499999 0.5962500015625001 0.0146116453125 0.6168421953125 0.01586141875 0.623507034375 0.0308589859375 0.6218407921875 0.037107948437499996 0.6135097765624999
4 0.5909374703125 0.3587500015625 0.5820174546875 0.43689226718749996 0.6520059093749999 0.4102330421875 0.639507890625 0.360246946875 0.5909374703125 0.3587500015625
4 0.386249971875 0.4358333359375 0.38205065625 0.500207975 0.4370415453125 0.485212184375 0.4170447890625 0.43855844531250004 0.386249971875 0.4358333359375
4 0.26332036875 0.4968755546875 0.2570714078125 0.5401968765625 0.30331369218750004 0.5268672640625 0.2995643703125 0.49354319999999996 0.26332036875 0.4968755546875
4 0.11437497187500001 0.54416666875 0.09709793125 0.5835181328125 0.137091346875 0.5801857140625 0.13209215937500002 0.5535266156249999 0.11437497187500001 0.54416666875
4 0.16749997187500001 0.5358333359375 0.160837328125 0.5651899234375 0.19083236718750002 0.5701886468749999 0.20333029218749998 0.5268672640625 0.16749997187500001 0.5358333359375
4 0 0.9717435203125 0.0771012703125 0.950082828125 0.006562470312500001 0.9108333359375 0 0.9717435203125
4 0.108124971875 0.9545833359375001 0.0746017234375 0.9867393734375 0.112095496875 0.9917379078125 0.13334193125 0.9750758749999999 0.108124971875 0.9545833359375001