5 0 0.7634681249999999 0.483283828125 0.5951816953125 0.635758475 0.5435292953124999 0.8582216703125001 0.4452232828125 0.61201249375 0.5351982796875 0 0.7337500015625 0 0.7634681249999999
2 0.172187471875 0.3920833359375 0.12709296875 0.5485278921875001 0.2320755578125 0.5751871171875 0.248322803125 0.43689226718749996 0.172187471875 0.3920833359375
2 0.4357916765625 0.5768533578125 0.46828635625 0.5451956 0.44204063906249996 0.508538990625 0.4307925828125 0.49021078124999995 0.41329546875 0.49520937812500004 0.3995477703125 0.5135375875 0.390937471875 0.53791666875 0.3895493921875 0.5685223421875001 0.3995477703125 0.5801857140625 0.4357916765625 0.5768533578125
2 0.58701664375 0.515203828125 0.6007643421875 0.5135375875 0.6220107765625 0.5135375875 0.6557551359375 0.508538990625 0.674502021875 0.49187695781249996 0.683250721875 0.47688116875000003 0.6795013062499999 0.4485557015625 0.6632539656249999 0.4268950734375 0.635758475 0.4152316390625 0.6020141156250001 0.3985696078125 0.57326885 0.4252288328125 0.564520340625 0.47354874843749994 0.5632705671875 0.47854734531250004 0.57326885 0.49021078124999995 0.58701664375 0.515203828125
2 0.688249815625 0.6185084375 0.6682530609375 0.5901829703125 0.6570050046875 0.5785196625 0.64200753125 0.56185763125 0.6282597390625 0.5601913265625 0.6221874703125 0.5670833359375 0.633258928125 0.5801857140625 0.6645038343749999 0.623507034375 0.6845004015625 0.63183805 0.688249815625 0.6185084375
4 0.5909374703125 0.2920833359375 0.6095128515625 0.3152594484375 0.6345087015625 0.3135932078125 0.6207610031249999 0.2852678046875 0.5909374703125 0.2920833359375
4 0.6628124703125 0.28791666875 0.6657535125 0.31192702968749997 0.7019976109375 0.3169256265625 0.6944987796875 0.28693398281250004 0.6628124703125 0.28791666875
4 0.7237499703125 0.2920833359375 0.7282431375 0.3169256265625 0.756988403125 0.3102608515625 0.7394913843750001 0.28693398281250004 0.7237499703125 0.2920833359375
4 0.77323574375 0.2935988203125 0.775735290625 0.3169256265625 0.806980103125 0.3135932078125 0.794482178125 0.2886001609375 0.77323574375 0.2935988203125
4 0.8407244609375001 0.3202580453125 0.8294764046875001 0.3002635953125 0.8190624718749999 0.30666666875000004 0.8407244609375001 0.3202580453125
4 0.49093747031249996 0.28375000156249996 0.49453198125000003 0.31192702968749997 0.53202575625 0.31192702968749997 0.5170281875 0.2736043703125 0.49093747031249996 0.28375000156249996
4 0.33468747187500003 0.26916666875 0.3470564296875 0.3035960140625 0.38829961874999996 0.3002635953125 0.3708025046875 0.25194374218750004 0.33468747187500003 0.26916666875
4 0.0987499703125 0.2462500015625 0.12709296875 0.31192702968749997 0.17083570625 0.2935988203125 0.150839046875 0.24194648437500002 0.0987499703125 0.2462500015625
4 0.77323574375 0.63183805 0.7744854218749999 0.6151760171875 0.76073781875 0.5918491484375 0.7282431375 0.6035127109375 0.7221874703125 0.6150000015625 0.7657369125 0.6185084375 0.7269934609375001 0.6401690656250001 0.7344921 0.658497275 0.77323574375 0.63183805
4 0.789483084375 0.5785196625 0.808124971875 0.5920833359375 0.8644706328125 0.5835181328125 0.8694697265625001 0.5451956 0.826976859375 0.5435292953124999 0.789483084375 0.5785196625