5 0.483283828125 1 0.40204731718750003 0.8584416546875 0.30331369218750004 0.8167865750000001 0.100312471875 0.62541666875 0.46828635625 1 0.483283828125 1
2 0.2845668046875 0.7751314953125 0.27956761406249997 0.7851286890625 0.27956761406249997 0.7951260109375 0.2933154078125 0.808455559375 0.31081242656249997 0.8117880421875 0.32705976875 0.808455559375 0.355805034375 0.7701329625 0.372052278125 0.710149546875 0.261249971875 0.73166666875 0.26332036875 0.7484722703125 0.2733186515625 0.7534709312500001 0.2845668046875 0.7751314953125
2 0.45203901718750006 0.9184249421875 0.5020307171875 0.9417518125000001 0.5020307171875 0.9017629109374999 0.47953441249999995 0.8634403140625 0.4457900546875 0.8617741359375 0.4370415453125 0.8967643781250001 0.44329050781249996 0.9067615703125 0.45203901718750006 0.9184249421875
2 0.745740346875 1 0.74823989375 0.8667726703125 0.6659374703125 0.8670833359375001 0.638258115625 1 0.745740346875 1
4 0.814374971875 0.7087500015625 0.781984253125 0.7751314953125 0.8282265375 0.7884611718750001 0.8619708953125 0.7518046265625 0.814374971875 0.7087500015625
4 0.6096874703124999 0.64416666875 0.577018265625 0.6901551609375 0.6295095125 0.6918213390625 0.638258115625 0.663495871875 0.6096874703124999 0.64416666875
4 0.47218747031249997 0.5858333359375 0.4507892421875 0.6201747421875 0.495781753125 0.64850008125 0.4982813015625 0.6101774203125 0.47218747031249997 0.5858333359375
4 0.372187471875 0.5587500015625 0.355805034375 0.5751871171875 0.3833004296875 0.5918491484375 0.3982979015625 0.5685223421875001 0.372187471875 0.5587500015625
4 0.312812471875 0.5254166687499999 0.2920655390625 0.5501940703125 0.3220605796875 0.5651899234375 0.33330873125 0.5401968765625 0.312812471875 0.5254166687499999
4 0.17583489531250002 0.5068728124999999 0.1945817828125 0.49021078124999995 0.178437471875 0.48375000156250003 0.17583489531250002 0.5068728124999999
4 0.217499971875 0.48375000156250003 0.20208051875000002 0.5068728124999999 0.22707636875 0.525201021875 0.237074746875 0.49354319999999996 0.217499971875 0.48375000156250003
4 0.26581991562499996 0.50354039375 0.26437497187500003 0.5045833359375 0.248322803125 0.525201021875 0.2670696890625 0.5335320375 0.28331703125 0.5285335671875 0.26581991562499996 0.50354039375
2 0.21457844375000001 0.8617741359375 0.24707302968749997 0.8851008796875 0.29581495625 0.8501106390625001 0.30706310625 0.8351147843750001 0.283124971875 0.8233333359375001 0.25832118125000003 0.8317824296874999 0.22082740625000002 0.8467782828124999 0.21582821718749998 0.8601078328125 0.21457844375000001 0.8617741359375