4 0.35205561875 0.22361827500000003 0.3295593140625 0.2752705484375 0.3857999765625 0.31192702968749997 0.40704650625000005 0.24028030781249998 0.35205561875 0.22361827500000003
5 1 0.8301162515625 0.7219941765625 0.7834625109375 0.0096874703125 0.6587500015625001 0.0058631359375 0.7034848359375 0.730742684375 0.8101217374999999 1 0.8301162515625
4 0.9582050703125 0.6351704687499999 0.9707029953124999 0.6035127109375 0.939374971875 0.60041666875 0.9357087671875 0.6085111796875 0.9307094828125001 0.63183805 0.9582050703125 0.6351704687499999
4 0.9157120109375001 0.5701886468749999 0.8909374718749999 0.57541666875 0.8957154468749999 0.5951816953125 0.9119625953125 0.5968477453125 0.9157120109375001 0.5701886468749999
4 0.845723746875 0.5351982796875 0.815937471875 0.5337500015625001 0.8169784812499999 0.5568589078125 0.8494729718749999 0.5651899234375 0.845723746875 0.5351982796875
4 0.755738534375 0.4702163296875 0.7159374703125 0.45666666874999995 0.7057468359375 0.49187695781249996 0.7394913843750001 0.5052065703124999 0.755738534375 0.4702163296875
4 0.6182614562500001 0.3769089796875 0.5706249703124999 0.3712500015625 0.5657701140625 0.42023023593750003 0.6045136624999999 0.4268950734375 0.6182614562500001 0.3769089796875
4 0.8619708953125 0.950082828125 0.8206249718749999 0.9170833359375001 0.79198263125 0.9717435203125 0.824477121875 0.9967365671874999 0.8619708953125 0.950082828125
4 0.9694531265625 0.9784083578124999 0.9844505984374999 0.9367532796875 0.950312471875 0.9170833359375001 0.89196603125 0.9450842953124999 0.9144623328125 0.9667448593750001 0.9694531265625 0.9784083578124999
2 0.351874971875 0.42125000156250003 0.25832118125000003 0.5501940703125 0.337058146875 0.6301718078125 0.40579673281249995 0.498541796875 0.351874971875 0.42125000156250003
2 0.51827805625 0.7284778828125 0.5395244921875 0.7351425953125 0.577018265625 0.7234792234375 0.5882664171875 0.7084833703125 0.570769303125 0.6601635156250001 0.5395244921875 0.6468338390625 0.51952783125 0.6618298203124999 0.5081249703124999 0.67541666875 0.5107792265625 0.6784918515625 0.4982813015625 0.7068171921874999 0.51827805625 0.7284778828125
2 0.719494628125 0.7751314953125 0.7382415156250001 0.791793528125 0.77948470625 0.8017907203125001 0.80448055625 0.7984583656249999 0.819478028125 0.7884611718750001 0.8307260828125 0.761801946875 0.824477121875 0.7351425953125 0.813229065625 0.7218130453125 0.795732046875 0.7034848359375 0.7744854218749999 0.6851565640625 0.764487234375 0.6684945328125 0.743240609375 0.65516485625 0.7344921 0.6601635156250001 0.71699508125 0.68682286875 0.7284374703125 0.71916666875 0.731992553125 0.7334764171875 0.7144955359375 0.7684666578125 0.719494628125 0.7751314953125
2 0.7507394406250001 0.8551092984374999 0.74823989375 0.8451121046875001 0.744490478125 0.8384472671875001 0.744490478125 0.8351147843750001 0.7237499703125 0.8087500015625 0.733242421875 0.8684388484375001 0.744490478125 0.9067615703125 0.760987775 0.9177585359375 0.763237365625 0.8967643781250001 0.76073781875 0.8717713296875 0.7507394406250001 0.8551092984374999