5 0.47953441249999995 0.8934318953125 0.69199923125 0.9434179890625 0.8719692734375 0.95841384375 0.548273 0.8834347015624999 0.0221874703125 0.7670833359375 0.0058631359375 0.80678938125 0.11959423437500001 0.8201190578125 0.47953441249999995 0.8934318953125
2 0.184687471875 0.5254166687499999 0.07585149687500001 0.63183805 0.15958755625 0.7118158515624999 0.24332370937499997 0.6001801640625 0.184687471875 0.5254166687499999
2 0.31956103125 0.7684666578125 0.32081080625 0.7851286890625 0.33205895625 0.7967921875 0.3470564296875 0.8101217374999999 0.3957983546875 0.8217852359375 0.403297090625 0.818452753125 0.41454524218750005 0.7984583656249999 0.4107958265625 0.79012735 0.3995477703125 0.7601356421875 0.37374997187500003 0.7462500015625 0.3645535421875 0.7684666578125 0.3470564296875 0.7651343015625 0.31956103125 0.7684666578125
2 0.577018265625 0.8934318953125 0.6170115875 0.8884333609375 0.6445070796875 0.8801023453125 0.6470066265625001 0.8367810890625 0.64200753125 0.83344860625 0.6320091546875 0.8134542203124999 0.59951456875 0.77346531875 0.5720190765625001 0.7651343015625 0.5632705671875 0.7851286890625 0.5532721890625 0.8234514140625 0.5507726421875 0.8384472671875001 0.5503124703125 0.86291666875 0.5532721890625 0.8784361687500001 0.56202079375 0.8917657171875 0.577018265625 0.8934318953125
2 0.57451871875 0.9667448593750001 0.56826975625 0.9484166500000001 0.56826975625 0.9384194562499999 0.56826975625 0.9300884406250001 0.5534374703125 0.9295833359375001 0.5570216046875001 0.9734096984375 0.564520340625 0.9984027453125 0.577018265625 0.9884055515625001 0.57451871875 0.9667448593750001
4 0.8932157093749999 0.8167865750000001 0.9007145390625 0.8101217374999999 0.876968559375 0.79012735 0.8757186890625 0.8034570265625 0.8832175203125001 0.8101217374999999 0.8932157093749999 0.8167865750000001
4 0.8582216703125001 0.7834625109375 0.8582216703125001 0.771799140625 0.831562471875 0.7670833359375 0.8382249156249999 0.7884611718750001 0.8469734234375 0.7967921875 0.8582216703125001 0.7834625109375
4 0.80448055625 0.7501384484375 0.8007311406250001 0.7351425953125 0.79823159375 0.7601356421875 0.80448055625 0.7634681249999999 0.80448055625 0.7501384484375
4 0.76073781875 0.7051510140625 0.7315624703125 0.6920833359375 0.733242421875 0.7234792234375 0.75448885625 0.7351425953125 0.76073781875 0.7051510140625
4 0.6932489109375 0.6618298203124999 0.6690624703125 0.6545833359375 0.66700338125 0.680157903125 0.6894996859375 0.68682286875 0.6932489109375 0.6618298203124999
4 0.6020141156250001 0.6001801640625 0.5596874703125 0.59416666875 0.5545219625 0.6218407921875 0.589516190625 0.6335042265624999 0.6020141156250001 0.6001801640625
4 0.45578843124999996 0.500207975 0.4299999703125 0.49416666875 0.40704650625000005 0.5285335671875 0.44828960156250003 0.5435292953124999 0.45578843124999996 0.500207975
4 0.25332199218749996 0.3685779640625 0.200312471875 0.34416666875 0.18333363125 0.3935710109375 0.23457510468749998 0.4218964140625 0.25332199218749996 0.3685779640625