2 0.143340309375 0.5951816953125 0.1358414796875 0.6301718078125 0.130842384375 0.6601635156250001 0.205829934375 0.65516485625 0.22832614218749997 0.643501484375 0.237074746875 0.5885167296875 0.218327859375 0.5318658609375 0.20333029218749998 0.5368645843750001 0.143340309375 0.5951816953125
5 0.9032140875 0.7651343015625 0.91696188125 0.7234792234375 0.4270431671875 0.6534988046875 0.19083236718750002 0.6701608359375 0.017499970312499998 0.64416666875 0.013361871875 0.6651621125 0.198331103125 0.68848891875 0.9032140875 0.7651343015625
2 0.18333363125 0.7601356421875 0.19958097187499999 0.7318102390625 0.2095792546875 0.7134820296875 0.218327859375 0.6984861765625 0.20208051875000002 0.68848891875 0.192499971875 0.6816666687499999 0.1820838578125 0.7284778828125 0.15958755625 0.7601356421875 0.14958927187499999 0.7751314953125 0.18333363125 0.7601356421875
2 0.583267228125 0.4102330421875 0.5253124703125 0.4795833359375 0.564520340625 0.6185084375 0.65450545625 0.5501940703125 0.583267228125 0.4102330421875
2 0.41829465781249997 0.6385028234375 0.4295427140625 0.6218407921875 0.39329880781250004 0.5785196625 0.353437471875 0.6087500015625 0.34330710937500003 0.658497275 0.3808008828125 0.6468338390625 0.41829465781249997 0.6385028234375
4 0.5768749703125 0.25041666875 0.5782680390625 0.3102608515625 0.6220107765625 0.2935988203125 0.62451041875 0.24861132343749998 0.5768749703125 0.25041666875
4 0.378437471875 0.3295833359375 0.36330376875 0.3819075765625 0.409546053125 0.361913125 0.4107958265625 0.3135932078125 0.378437471875 0.3295833359375
4 0.247187471875 0.36916666875000004 0.2408240671875 0.4085668015625 0.28331703125 0.40190202656249996 0.2733186515625 0.3685779640625 0.247187471875 0.36916666875000004
4 0.000312471875 0.4587500015625 0.0033634937500000004 0.4835459421875 0.023360154687500002 0.4652177328125 0.019610834375 0.4602191359375 0.000312471875 0.4587500015625
4 0.0424999703125 0.44416666875 0.038357721875 0.4702163296875 0.07210208125 0.468550153125 0.0683527609375 0.4468894609375 0.0424999703125 0.44416666875
4 0.0909374703125 0.4295833359375 0.09334861093749999 0.45855289531250004 0.12209377968749999 0.4518881203125 0.1170945921875 0.4218964140625 0.0909374703125 0.4295833359375
4 0.15833778125 0.4118992203125 0.14958927187499999 0.40523438125 0.15968747187500001 0.41500000156250005 0.14708963125000002 0.4402246859375 0.187083046875 0.4352260890625 0.18083408437499998 0.4118992203125 0.15833778125 0.4118992203125
4 0.14958927187499999 0.7851286890625 0.11749997187500001 0.76291666875 0.07585149687500001 0.7884611718750001 0.112095496875 0.80678938125 0.138341121875 0.8017907203125001 0.14958927187499999 0.7851286890625
4 0.0690624703125 0.7587500015625 0.0083626828125 0.7384750765625 0.0058631359375 0.7834625109375 0.0690624703125 0.7587500015625