4 0.508279678125 0.2102886625 0.47218747031249997 0.23375000156249998 0.4982813015625 0.2952649984375 0.5307759812499999 0.25027750000000004 0.508279678125 0.2102886625
5 0.9894498828125 0.49520937812500004 0.9844505984374999 0.45522047656250003 0.5782680390625 0.666828290625 0.0565624703125 0.97541666875 0.05835438281250001 0.9934040843749999 0.32081080625 0.8567754765625001 0.9894498828125 0.49520937812500004
4 0.35205561875 0.4085668015625 0.322187471875 0.4358333359375 0.33330873125 0.481879765625 0.37580169375 0.4502218796875 0.35205561875 0.4085668015625
4 0.24957267187499999 0.5335320375 0.215937471875 0.5733333359375 0.23332533125000002 0.6118437265625001 0.2595709546875 0.5718546984375 0.24957267187499999 0.5335320375
4 0.0034374703125000005 0.8337500015625 0.0146116453125 0.83344860625 0.0071129093749999995 0.818452753125 0.0034374703125000005 0.8337500015625
4 0.039607495312500005 0.80678938125 0.0458564578125 0.7984583656249999 0.032108759375000004 0.7851286890625 0.014374970312499999 0.7962500015625 0.019610834375 0.8117880421875 0.023360154687500002 0.818452753125 0.039607495312500005 0.80678938125
4 0.0771012703125 0.7368089 0.0612499703125 0.7670833359375 0.063353571875 0.7834625109375 0.08335023281250001 0.7651343015625 0.0771012703125 0.7368089
4 0.1208440078125 0.695153884375 0.0971874703125 0.7170833359375 0.1095958546875 0.7334764171875 0.1283427421875 0.7068171921874999 0.1208440078125 0.695153884375
4 0.16333697187500001 0.6351704687499999 0.140937471875 0.66291666875 0.154588365625 0.683490321875 0.18083408437499998 0.6601635156250001 0.16333697187500001 0.6351704687499999
2 0.22707636875 0.8601078328125 0.23332533125000002 0.8484444609375 0.248322803125 0.8434457999999999 0.254571765625 0.8834347015624999 0.2845668046875 0.8717713296875 0.31206229531249996 0.8501106390625001 0.32081080625 0.8367810890625 0.31456184375 0.8034570265625 0.30331369218750004 0.7834625109375 0.28956599375000003 0.7384750765625 0.27081910625 0.7384750765625 0.25332199218749996 0.755137109375 0.242499971875 0.79416666875 0.22707636875 0.8167865750000001 0.22082740625000002 0.8617741359375 0.22707636875 0.8601078328125
2 0.6182614562500001 0.5685223421875001 0.6299999703125 0.5608333359375 0.6807509859375 0.47188250781249996 0.5582713781249999 0.38357375312499997 0.51827805625 0.4802135234375 0.6182614562500001 0.5685223421875001
2 0.4595377515625 0.7168143859375 0.4745353203125 0.7118158515624999 0.49453198125000003 0.6701608359375 0.47953441249999995 0.656831096875 0.458287978125 0.65516485625 0.4270431671875 0.6901551609375 0.43312497031249997 0.7087500015625 0.4295427140625 0.7351425953125 0.4307925828125 0.7351425953125 0.4595377515625 0.7168143859375
2 0.32580999374999997 0.9717435203125 0.34455688125 0.9434179890625 0.34455688125 0.9267559578125001 0.3308091828125 0.8934318953125 0.3233103515625 0.8834347015624999 0.300312471875 0.8691666687499999 0.30331369218750004 0.9367532796875 0.30331369218750004 0.9517490046875 0.30706310625 0.9867393734375 0.32580999374999997 0.9717435203125
2 0.32705976875 0.9484166500000001 0.33205895625 0.9350869734374999 0.33330873125 0.9184249421875 0.3295593140625 0.8934318953125 0.31331206875 0.940085634375 0.3158116171875 0.9517490046875 0.3170613890625 0.9617463265625 0.31956103125 0.9617463265625 0.32705976875 0.9484166500000001